Induced Winding Voltages at Rated Speed
Air-Gap Position (elec. degrees)
Voltage (V)
0	-120.302367
1	-120.187268
2	-120.061910
3	-119.925537
4	-119.777296
5	-119.616230
6	-119.435354
7	-119.239373
8	-119.026951
9	-118.796620
10	-118.546775
11	-118.275679
12	-117.981470
13	-117.656267
14	-117.303909
15	-116.922270
16	-116.509202
17	-116.062581
18	-115.580359
19	-115.054707
20	-114.489778
21	-113.884039
22	-113.236203
23	-112.545248
24	-111.810411
25	-111.031170
26	-110.201291
27	-109.326500
28	-108.406710
29	-107.441872
30	-106.431920
31	-105.376729
32	-104.276076
33	-103.123704
34	-101.925027
35	-100.679406
36	-99.386066
37	-98.044110
38	-96.652553
39	-95.210354
40	-93.716455
41	-92.169829
42	-90.569513
43	-88.914648
44	-87.204493
45	-85.438452
46	-83.616071
47	-81.737050
48	-79.801247
49	-77.808683
50	-75.759569
51	-73.654317
52	-71.493568
53	-69.278208
54	-67.009374
55	-64.688446
56	-62.317024
57	-59.896883
58	-57.429915
59	-54.918069
60	-52.363285
61	-49.767433
62	-47.132278
63	-44.459445
64	-41.750426
65	-39.006586
66	-36.229207
67	-33.419534
68	-30.578852
69	-27.708557
70	-24.810246
71	-21.885796
72	-18.937433
73	-15.967774
74	-12.979838
75	-9.977028
76	-6.963063
77	-3.941888
78	-0.917555
79	2.105910
80	5.124627
81	8.134981
82	11.133700
83	14.117904
84	17.085109
85	20.033206
86	22.960396
87	25.865113
88	28.745929
89	31.601448
90	34.430219
91	37.230649
92	40.000947
93	42.739099
94	45.442874
95	48.109858
96	50.737521
97	53.323304
98	55.864712
99	58.359405
100	60.805289
101	63.200568
102	65.543789
103	67.833842
104	70.069946
105	72.251603
106	74.378545
107	76.450674
108	78.467997
109	80.430575
110	82.338486
111	84.191804
112	85.990596
113	87.734943
114	89.424964
115	91.060857
116	92.642934
117	94.171649
118	95.647612
119	97.071586
120	98.444460
121	99.767219
122	101.040892
123	102.266501
124	103.445008
125	104.577274
126	105.658118
127	106.694014
128	107.685382
129	108.632504
130	109.535560
131	110.394678
132	111.209982
133	111.975751
134	112.698198
135	113.377806
136	114.015281
137	114.611582
138	115.167925
139	115.679865
140	116.154987
141	116.595144
142	117.002322
143	117.378583
144	117.726021
145	118.046715
146	118.336780
147	118.604058
148	118.850374
149	119.077433
150	119.286814
151	119.479958
152	119.658180
153	119.816756
154	119.962653
155	120.096813
156	120.220075
157	120.333184
158	120.436793
159	120.519660
160	120.594088
161	120.660498
162	120.719250
163	120.770650
164	120.814954
165	120.852372
166	120.871254
167	120.883529
168	120.889267
169	120.888503
170	120.881234
171	120.867421
172	120.846986
173	120.807998
174	120.762100
175	120.709076
176	120.648664
177	120.580551
178	120.504369
179	120.407872
180	120.302367
181	120.187268
182	120.061910
183	119.925537
184	119.777296
185	119.616230
186	119.435354
187	119.239373
188	119.026951
189	118.796620
190	118.546775
191	118.275679
192	117.981470
193	117.656267
194	117.303909
195	116.922270
196	116.509202
197	116.062581
198	115.580359
199	115.054707
200	114.489778
201	113.884039
202	113.236203
203	112.545248
204	111.810411
205	111.031170
206	110.201291
207	109.326500
208	108.406710
209	107.441872
210	106.431920
211	105.376729
212	104.276076
213	103.123704
214	101.925027
215	100.679406
216	99.386066
217	98.044110
218	96.652553
219	95.210354
220	93.716455
221	92.169829
222	90.569513
223	88.914648
224	87.204493
225	85.438452
226	83.616071
227	81.737050
228	79.801247
229	77.808683
230	75.759569
231	73.654317
232	71.493568
233	69.278208
234	67.009374
235	64.688446
236	62.317024
237	59.896883
238	57.429915
239	54.918069
240	52.363285
241	49.767433
242	47.132278
243	44.459445
244	41.750426
245	39.006586
246	36.229207
247	33.419534
248	30.578852
249	27.708557
250	24.810246
251	21.885796
252	18.937433
253	15.967774
254	12.979838
255	9.977028
256	6.963063
257	3.941888
258	0.917555
259	-2.105910
260	-5.124627
261	-8.134981
262	-11.133700
263	-14.117904
264	-17.085109
265	-20.033206
266	-22.960396
267	-25.865113
268	-28.745929
269	-31.601448
270	-34.430219
271	-37.230649
272	-40.000947
273	-42.739099
274	-45.442874
275	-48.109858
276	-50.737521
277	-53.323304
278	-55.864712
279	-58.359405
280	-60.805289
281	-63.200568
282	-65.543789
283	-67.833842
284	-70.069946
285	-72.251603
286	-74.378545
287	-76.450674
288	-78.467997
289	-80.430575
290	-82.338486
291	-84.191804
292	-85.990596
293	-87.734943
294	-89.424964
295	-91.060857
296	-92.642934
297	-94.171649
298	-95.647612
299	-97.071586
300	-98.444460
301	-99.767219
302	-101.040892
303	-102.266501
304	-103.445008
305	-104.577274
306	-105.658118
307	-106.694014
308	-107.685382
309	-108.632504
310	-109.535560
311	-110.394678
312	-111.209982
313	-111.975751
314	-112.698198
315	-113.377806
316	-114.015281
317	-114.611582
318	-115.167925
319	-115.679865
320	-116.154987
321	-116.595144
322	-117.002322
323	-117.378583
324	-117.726021
325	-118.046715
326	-118.336780
327	-118.604058
328	-118.850374
329	-119.077433
330	-119.286814
331	-119.479958
332	-119.658180
333	-119.816756
334	-119.962653
335	-120.096813
336	-120.220075
337	-120.333184
338	-120.436793
339	-120.519660
340	-120.594088
341	-120.660498
342	-120.719250
343	-120.770650
344	-120.814954
345	-120.852372
346	-120.871254
347	-120.883529
348	-120.889267
349	-120.888503
350	-120.881234
351	-120.867421
352	-120.846986
353	-120.807998
354	-120.762100
355	-120.709076
356	-120.648664
357	-120.580551
358	-120.504369
359	-120.407872
360	-120.302367
Phase Voltage ea
0	-172.665652
1	-169.954702
2	-167.194187
3	-164.384982
4	-161.527722
5	-158.622816
6	-155.664561
7	-152.658907
8	-149.605803
9	-146.505177
10	-143.357021
11	-140.161475
12	-136.918903
13	-133.624040
14	-130.283748
15	-126.899298
16	-123.472265
17	-120.004469
18	-116.497914
19	-112.948797
20	-109.365152
21	-105.749058
22	-102.102502
23	-98.427344
24	-94.725302
25	-90.997964
26	-87.240895
27	-83.461387
28	-79.660782
29	-75.840423
30	-72.001701
31	-68.146080
32	-64.275129
33	-60.384604
34	-56.482153
35	-52.569549
36	-48.648545
37	-44.720806
38	-40.787842
39	-36.850948
40	-32.911166
41	-28.969260
42	-25.025724
43	-21.080805
44	-17.134547
45	-13.186849
46	-9.237526
47	-5.286376
48	-1.333250
49	2.621891
50	6.578916
51	10.537486
52	14.497028
53	18.456735
54	22.415590
55	26.372411
56	30.325910
57	34.274766
58	38.217698
59	42.153516
60	46.081175
61	49.999785
62	53.908615
63	57.807056
64	61.694582
65	65.570688
66	69.428911
67	73.274480
68	77.106530
69	80.923947
70	84.725315
71	88.508882
72	92.272549
73	96.007978
74	99.718360
75	103.400777
76	107.052218
77	110.669694
78	114.250370
79	117.785775
80	121.279614
81	124.730125
82	128.136022
83	131.496487
84	134.811131
85	138.079921
86	141.297176
87	144.469171
88	147.596302
89	150.678882
90	153.717033
91	156.710607
92	159.659127
93	162.555856
94	165.405527
95	168.206671
96	170.957597
97	173.656488
98	176.301504
99	178.879065
100	181.399377
101	183.861067
102	186.263039
103	188.604492
104	190.884899
105	193.103974
106	195.249800
107	197.334203
108	199.357264
109	201.319078
110	203.219720
111	205.059224
112	206.837583
113	208.542941
114	210.187064
115	211.769933
116	213.291598
117	214.752200
118	216.151982
119	217.479458
120	218.746827
121	219.954487
122	221.102802
123	222.192037
124	223.222304
125	224.193504
126	225.093472
127	225.933387
128	226.712333
129	227.429124
130	228.082336
131	228.670357
132	229.191452
133	229.632018
134	230.002107
135	230.300076
136	230.524482
137	230.674162
138	230.748284
139	230.734572
140	230.644765
141	230.479183
142	230.238525
143	229.923831
144	229.536433
145	229.077885
146	228.538071
147	227.930558
148	227.257084
149	226.519305
150	225.718734
151	224.856687
152	223.934256
153	222.940460
154	221.887680
155	220.776219
156	219.606141
157	218.377294
158	217.089346
159	215.730013
160	214.310543
161	212.830327
162	211.288764
163	209.685297
164	208.019447
165	206.290823
166	204.487325
167	202.620580
168	200.690514
169	198.697187
170	196.640803
171	194.521738
172	192.340555
173	190.086206
174	187.771474
175	185.397523
176	182.965689
177	180.477434
178	177.934284
179	175.325942
180	172.665652
181	169.954702
182	167.194187
183	164.384982
184	161.527722
185	158.622816
186	155.664561
187	152.658907
188	149.605803
189	146.505177
190	143.357021
191	140.161475
192	136.918903
193	133.624040
194	130.283748
195	126.899298
196	123.472265
197	120.004469
198	116.497914
199	112.948797
200	109.365152
201	105.749058
202	102.102502
203	98.427344
204	94.725302
205	90.997964
206	87.240895
207	83.461387
208	79.660782
209	75.840423
210	72.001701
211	68.146080
212	64.275129
213	60.384604
214	56.482153
215	52.569549
216	48.648545
217	44.720806
218	40.787842
219	36.850948
220	32.911166
221	28.969260
222	25.025724
223	21.080805
224	17.134547
225	13.186849
226	9.237526
227	5.286376
228	1.333250
229	-2.621891
230	-6.578916
231	-10.537486
232	-14.497028
233	-18.456735
234	-22.415590
235	-26.372411
236	-30.325910
237	-34.274766
238	-38.217698
239	-42.153516
240	-46.081175
241	-49.999785
242	-53.908615
243	-57.807056
244	-61.694582
245	-65.570688
246	-69.428911
247	-73.274480
248	-77.106530
249	-80.923947
250	-84.725315
251	-88.508882
252	-92.272549
253	-96.007978
254	-99.718360
255	-103.400777
256	-107.052218
257	-110.669694
258	-114.250370
259	-117.785775
260	-121.279614
261	-124.730125
262	-128.136022
263	-131.496487
264	-134.811131
265	-138.079921
266	-141.297176
267	-144.469171
268	-147.596302
269	-150.678882
270	-153.717033
271	-156.710607
272	-159.659127
273	-162.555856
274	-165.405527
275	-168.206671
276	-170.957597
277	-173.656488
278	-176.301504
279	-178.879065
280	-181.399377
281	-183.861067
282	-186.263039
283	-188.604492
284	-190.884899
285	-193.103974
286	-195.249800
287	-197.334203
288	-199.357264
289	-201.319078
290	-203.219720
291	-205.059224
292	-206.837583
293	-208.542941
294	-210.187064
295	-211.769933
296	-213.291598
297	-214.752200
298	-216.151982
299	-217.479458
300	-218.746827
301	-219.954487
302	-221.102802
303	-222.192037
304	-223.222304
305	-224.193504
306	-225.093472
307	-225.933387
308	-226.712333
309	-227.429124
310	-228.082336
311	-228.670357
312	-229.191452
313	-229.632018
314	-230.002107
315	-230.300076
316	-230.524482
317	-230.674162
318	-230.748284
319	-230.734572
320	-230.644765
321	-230.479183
322	-230.238525
323	-229.923831
324	-229.536433
325	-229.077885
326	-228.538071
327	-227.930558
328	-227.257084
329	-226.519305
330	-225.718734
331	-224.856687
332	-223.934256
333	-222.940460
334	-221.887680
335	-220.776219
336	-219.606141
337	-218.377294
338	-217.089346
339	-215.730013
340	-214.310543
341	-212.830327
342	-211.288764
343	-209.685297
344	-208.019447
345	-206.290823
346	-204.487325
347	-202.620580
348	-200.690514
349	-198.697187
350	-196.640803
351	-194.521738
352	-192.340555
353	-190.086206
354	-187.771474
355	-185.397523
356	-182.965689
357	-180.477434
358	-177.934284
359	-175.325942
360	-172.665652
Line Voltage eab
