Induced Coil Voltages at Rated Speed
Air-Gap Position (elec. degrees)
Voltage (V)
0	-0.000000
1	-0.010365
2	-0.020752
3	-0.031178
4	-0.041654
5	-0.052179
6	-0.062742
7	-0.073316
8	-0.083863
9	-0.094332
10	-0.104664
11	-0.114795
12	-0.124657
13	-0.134187
14	-0.143328
15	-0.152030
16	-0.160256
17	-0.167980
18	-0.175188
19	-0.181878
20	-0.188058
21	-0.193742
22	-0.198954
23	-0.203720
24	-0.208070
25	-0.212035
26	-0.215647
27	-0.218937
28	-0.221935
29	-0.224670
30	-0.227167
31	-0.229451
32	-0.231543
33	-0.233464
34	-0.235232
35	-0.236862
36	-0.238369
37	-0.239764
38	-0.241060
39	-0.242267
40	-0.243392
41	-0.244444
42	-0.245429
43	-0.246354
44	-0.247223
45	-0.248042
46	-0.248815
47	-0.249545
48	-0.250235
49	-0.250889
50	-0.251510
51	-0.252099
52	-0.252659
53	-0.253192
54	-0.253699
55	-0.254182
56	-0.254643
57	-0.255083
58	-0.255503
59	-0.255904
60	-0.256288
61	-0.256655
62	-0.257006
63	-0.257343
64	-0.257665
65	-0.257973
66	-0.258269
67	-0.258552
68	-0.258824
69	-0.259085
70	-0.259336
71	-0.259576
72	-0.259807
73	-0.260029
74	-0.260242
75	-0.260447
76	-0.260643
77	-0.260833
78	-0.261015
79	-0.261190
80	-0.261358
81	-0.261520
82	-0.261676
83	-0.261827
84	-0.261971
85	-0.262110
86	-0.262245
87	-0.262374
88	-0.262498
89	-0.262619
90	-0.262734
91	-0.262619
92	-0.262498
93	-0.262374
94	-0.262245
95	-0.262110
96	-0.261971
97	-0.261827
98	-0.261676
99	-0.261520
100	-0.261358
101	-0.261190
102	-0.261015
103	-0.260833
104	-0.260643
105	-0.260447
106	-0.260242
107	-0.260029
108	-0.259807
109	-0.259576
110	-0.259336
111	-0.259085
112	-0.258824
113	-0.258552
114	-0.258269
115	-0.257973
116	-0.257665
117	-0.257343
118	-0.257006
119	-0.256655
120	-0.256288
121	-0.255904
122	-0.255503
123	-0.255083
124	-0.254643
125	-0.254182
126	-0.253699
127	-0.253192
128	-0.252659
129	-0.252099
130	-0.251510
131	-0.250889
132	-0.250235
133	-0.249545
134	-0.248815
135	-0.248042
136	-0.247223
137	-0.246354
138	-0.245429
139	-0.244444
140	-0.243392
141	-0.242267
142	-0.241060
143	-0.239764
144	-0.238369
145	-0.236862
146	-0.235232
147	-0.233464
148	-0.231543
149	-0.229451
150	-0.227167
151	-0.224670
152	-0.221935
153	-0.218937
154	-0.215647
155	-0.212035
156	-0.208070
157	-0.203720
158	-0.198954
159	-0.193742
160	-0.188058
161	-0.181878
162	-0.175188
163	-0.167980
164	-0.160256
165	-0.152030
166	-0.143328
167	-0.134187
168	-0.124657
169	-0.114795
170	-0.104664
171	-0.094332
172	-0.083863
173	-0.073316
174	-0.062742
175	-0.052179
176	-0.041654
177	-0.031178
178	-0.020752
179	-0.010365
180	-0.000000
181	0.010365
182	0.020752
183	0.031178
184	0.041654
185	0.052179
186	0.062742
187	0.073316
188	0.083863
189	0.094332
190	0.104664
191	0.114795
192	0.124657
193	0.134187
194	0.143328
195	0.152030
196	0.160256
197	0.167980
198	0.175188
199	0.181878
200	0.188058
201	0.193742
202	0.198954
203	0.203720
204	0.208070
205	0.212035
206	0.215647
207	0.218937
208	0.221935
209	0.224670
210	0.227167
211	0.229451
212	0.231543
213	0.233464
214	0.235232
215	0.236862
216	0.238369
217	0.239764
218	0.241060
219	0.242267
220	0.243392
221	0.244444
222	0.245429
223	0.246354
224	0.247223
225	0.248042
226	0.248815
227	0.249545
228	0.250235
229	0.250889
230	0.251510
231	0.252099
232	0.252659
233	0.253192
234	0.253699
235	0.254182
236	0.254643
237	0.255083
238	0.255503
239	0.255904
240	0.256288
241	0.256655
242	0.257006
243	0.257343
244	0.257665
245	0.257973
246	0.258269
247	0.258552
248	0.258824
249	0.259085
250	0.259336
251	0.259576
252	0.259807
253	0.260029
254	0.260242
255	0.260447
256	0.260643
257	0.260833
258	0.261015
259	0.261190
260	0.261358
261	0.261520
262	0.261676
263	0.261827
264	0.261971
265	0.262110
266	0.262245
267	0.262374
268	0.262498
269	0.262619
270	0.262734
271	0.262619
272	0.262498
273	0.262374
274	0.262245
275	0.262110
276	0.261971
277	0.261827
278	0.261676
279	0.261520
280	0.261358
281	0.261190
282	0.261015
283	0.260833
284	0.260643
285	0.260447
286	0.260242
287	0.260029
288	0.259807
289	0.259576
290	0.259336
291	0.259085
292	0.258824
293	0.258552
294	0.258269
295	0.257973
296	0.257665
297	0.257343
298	0.257006
299	0.256655
300	0.256288
301	0.255904
302	0.255503
303	0.255083
304	0.254643
305	0.254182
306	0.253699
307	0.253192
308	0.252659
309	0.252099
310	0.251510
311	0.250889
312	0.250235
313	0.249545
314	0.248815
315	0.248042
316	0.247223
317	0.246354
318	0.245429
319	0.244444
320	0.243392
321	0.242267
322	0.241060
323	0.239764
324	0.238369
325	0.236862
326	0.235232
327	0.233464
328	0.231543
329	0.229451
330	0.227167
331	0.224670
332	0.221935
333	0.218937
334	0.215647
335	0.212035
336	0.208070
337	0.203720
338	0.198954
339	0.193742
340	0.188058
341	0.181878
342	0.175188
343	0.167980
344	0.160256
345	0.152030
346	0.143328
347	0.134187
348	0.124657
349	0.114795
350	0.104664
351	0.094332
352	0.083863
353	0.073316
354	0.062742
355	0.052179
356	0.041654
357	0.031178
358	0.020752
359	0.010365
360	0.000000
One-Conductor Voltage
0	0.235232
1	0.223099
2	0.210792
3	0.198273
4	0.185513
5	0.172491
6	0.159194
7	0.145621
8	0.131784
9	0.117703
10	0.103406
11	0.088925
12	0.074297
13	0.059555
14	0.044730
15	0.029848
16	0.014932
17	0.000000
18	-0.014932
19	-0.029848
20	-0.044730
21	-0.059555
22	-0.074297
23	-0.088925
24	-0.103406
25	-0.117703
26	-0.131784
27	-0.145621
28	-0.159194
29	-0.172491
30	-0.185513
31	-0.198273
32	-0.210792
33	-0.223099
34	-0.235232
35	-0.247227
36	-0.259120
37	-0.270942
38	-0.282714
39	-0.294446
40	-0.306134
41	-0.317760
42	-0.329292
43	-0.340686
44	-0.351888
45	-0.362837
46	-0.373472
47	-0.383732
48	-0.393563
49	-0.402919
50	-0.411766
51	-0.420079
52	-0.427847
53	-0.435070
54	-0.441757
55	-0.447924
56	-0.453597
57	-0.458803
58	-0.463573
59	-0.467939
60	-0.471935
61	-0.475592
62	-0.478942
63	-0.482012
64	-0.484832
65	-0.487424
66	-0.489812
67	-0.492017
68	-0.494056
69	-0.495947
70	-0.497704
71	-0.499340
72	-0.500867
73	-0.502295
74	-0.503634
75	-0.504890
76	-0.506073
77	-0.507187
78	-0.508238
79	-0.509232
80	-0.510173
81	-0.511065
82	-0.511911
83	-0.512716
84	-0.513481
85	-0.514209
86	-0.514903
87	-0.515565
88	-0.516197
89	-0.516801
90	-0.517377
91	-0.517702
92	-0.518002
93	-0.518278
94	-0.518533
95	-0.518766
96	-0.518977
97	-0.519169
98	-0.519341
99	-0.519493
100	-0.519627
101	-0.519742
102	-0.519839
103	-0.519918
104	-0.519979
105	-0.520023
106	-0.520049
107	-0.520057
108	-0.520049
109	-0.520023
110	-0.519979
111	-0.519918
112	-0.519839
113	-0.519742
114	-0.519627
115	-0.519493
116	-0.519341
117	-0.519169
118	-0.518977
119	-0.518766
120	-0.518533
121	-0.518278
122	-0.518002
123	-0.517702
124	-0.517377
125	-0.516801
126	-0.516197
127	-0.515565
128	-0.514903
129	-0.514209
130	-0.513481
131	-0.512716
132	-0.511911
133	-0.511065
134	-0.510173
135	-0.509232
136	-0.508238
137	-0.507187
138	-0.506073
139	-0.504890
140	-0.503634
141	-0.502295
142	-0.500867
143	-0.499340
144	-0.497704
145	-0.495947
146	-0.494056
147	-0.492017
148	-0.489812
149	-0.487424
150	-0.484832
151	-0.482012
152	-0.478942
153	-0.475592
154	-0.471935
155	-0.467939
156	-0.463573
157	-0.458803
158	-0.453597
159	-0.447924
160	-0.441757
161	-0.435070
162	-0.427847
163	-0.420079
164	-0.411766
165	-0.402919
166	-0.393563
167	-0.383732
168	-0.373472
169	-0.362837
170	-0.351888
171	-0.340686
172	-0.329292
173	-0.317760
174	-0.306134
175	-0.294446
176	-0.282714
177	-0.270942
178	-0.259120
179	-0.247227
180	-0.235232
181	-0.223099
182	-0.210792
183	-0.198273
184	-0.185513
185	-0.172491
186	-0.159194
187	-0.145621
188	-0.131784
189	-0.117703
190	-0.103406
191	-0.088925
192	-0.074297
193	-0.059555
194	-0.044730
195	-0.029848
196	-0.014932
197	0.000000
198	0.014932
199	0.029848
200	0.044730
201	0.059555
202	0.074297
203	0.088925
204	0.103406
205	0.117703
206	0.131784
207	0.145621
208	0.159194
209	0.172491
210	0.185513
211	0.198273
212	0.210792
213	0.223099
214	0.235232
215	0.247227
216	0.259120
217	0.270942
218	0.282714
219	0.294446
220	0.306134
221	0.317760
222	0.329292
223	0.340686
224	0.351888
225	0.362837
226	0.373472
227	0.383732
228	0.393563
229	0.402919
230	0.411766
231	0.420079
232	0.427847
233	0.435070
234	0.441757
235	0.447924
236	0.453597
237	0.458803
238	0.463573
239	0.467939
240	0.471935
241	0.475592
242	0.478942
243	0.482012
244	0.484832
245	0.487424
246	0.489812
247	0.492017
248	0.494056
249	0.495947
250	0.497704
251	0.499340
252	0.500867
253	0.502295
254	0.503634
255	0.504890
256	0.506073
257	0.507187
258	0.508238
259	0.509232
260	0.510173
261	0.511065
262	0.511911
263	0.512716
264	0.513481
265	0.514209
266	0.514903
267	0.515565
268	0.516197
269	0.516801
270	0.517377
271	0.517702
272	0.518002
273	0.518278
274	0.518533
275	0.518766
276	0.518977
277	0.519169
278	0.519341
279	0.519493
280	0.519627
281	0.519742
282	0.519839
283	0.519918
284	0.519979
285	0.520023
286	0.520049
287	0.520057
288	0.520049
289	0.520023
290	0.519979
291	0.519918
292	0.519839
293	0.519742
294	0.519627
295	0.519493
296	0.519341
297	0.519169
298	0.518977
299	0.518766
300	0.518533
301	0.518278
302	0.518002
303	0.517702
304	0.517377
305	0.516801
306	0.516197
307	0.515565
308	0.514903
309	0.514209
310	0.513481
311	0.512716
312	0.511911
313	0.511065
314	0.510173
315	0.509232
316	0.508238
317	0.507187
318	0.506073
319	0.504890
320	0.503634
321	0.502295
322	0.500867
323	0.499340
324	0.497704
325	0.495947
326	0.494056
327	0.492017
328	0.489812
329	0.487424
330	0.484832
331	0.482012
332	0.478942
333	0.475592
334	0.471935
335	0.467939
336	0.463573
337	0.458803
338	0.453597
339	0.447924
340	0.441757
341	0.435070
342	0.427847
343	0.420079
344	0.411766
345	0.402919
346	0.393563
347	0.383732
348	0.373472
349	0.362837
350	0.351888
351	0.340686
352	0.329292
353	0.317760
354	0.306134
355	0.294446
356	0.282714
357	0.270942
358	0.259120
359	0.247227
360	0.235232
One-Turn Voltage
